01-07-2020 1324.81 0.00 1153.15 0.00 1238.98 0.00 0.00
02-07-2020 1339.95 1.14 1169.08 1.38 1254.52 1.25 2.45
03-07-2020 1320.46 -0.33 1157.48 0.38 1238.97 -0.00 1.50
tatil
tatil
06-07-2020 1349.17 1.84 1,184.85 2.75 1267.01 2.26 2.50
07-07-2020 1357.58 2.47 1193.39 3.49 1275.49 2.95 3.46
08-07-2020 1348.62 1.80 1187.13 2.95 1267.88 2.33 3.27
09-07-2020 1322.59 -0.17 1157.94 0.42 1240.27 0.10 2.99
10-07-2020 1312.85 -0.90 1148.09 -0.44 1230.47 -0.69 2.85
tatil
tatil
13-07-2020 1347.36 1.70 1183.99 2.67 1265.68 2.15 2.98
14-07-2020 1339.25 1.09 1177.41 2.10 1258.33 1.56 3.24
tatil
16-07-2020 1348.08 1.76 1188.08 3.03 1268.08 2.35 3.50
17-07-2020 1343.79 1.43 1187.86 3.01 1265.83 2.17 3.13
tatil
tatil
20-07-2020 1345.30 1.55 1192.81 3.44 1269.06 2.43 3.04
21-07-2020 1334.55 0.74 1180.42 2.36 1257.49 1.49 2.94
22-07-2020 1337.03 0.92 1180.80 2.40 1258.92 1.61 2.51
23-07-2020 1348.21 1.77 1190.31 3.22 1269.26 2.44 3.42
24-07-2020 1348.49 1.79 1192.02 3.37 1270.26 2.52 4.12
tatil
tatil
27-07-2020 1350.00 1.90 1195.67 3.69 1272.84 2.73 3.99
28-07-2020 1300.99 -1.80 1152.70 -0.04 1226.85 -0.98 2.63
29-07-2020 1272.22 -3.97 1135.55 -1.53 1203.89 -2.83 0.12
30-07-2020 1259.64 -4.92 1126.90 -2.28 1193.27 -3.69 -1.41
tatil
tatil
tatil
tatil
04-08-2020 1221.30 -7.81 1087.16 -5.72 1154.23 -6.84 -2.65
05-08-2020 1228.03 -7.31 1091.80 -5.32 1159.92 -6.38 -3.43
06-08-2020 1170.82 -9.62 1034.40 -9.30 1102.61 -9.01 -4.01
07-08-2020 1196.61 -9.02 1060.59 -8.03 1128.6 -8.91 -3.65
tatil
tatil
10-08-2020 1207.17 -8.88 1075.52 -6.73 1141.35 -7.88 -2.78
11-08-2020 1248.68 -5.75 1110.05 -3.74 1179.37 -4.81 -1.69
12-08-2020 1255.05 -5.27 1114.18 -3.38 1184.62 -4.39 0.12
13-08-2020 1239.73 -6.42 1100.26 -4.59 1170 -5.57 1.79
14-08-2020 1220.17 -7.90 1083.83 -6.01 1152 -7.02 2.93
tatil
tatil
17-08-2020 1228.75 -7.25 1086.20 -5.81 1157.48 -6.58 3.03
18-08-2020 1236.62 -6.66 1092.46 -5.26 1164.54 -6.01 3.67
19-08-2020 1278.80 -3.47 1124.71 -2.47 1201.76 -3.00 4.35
20-08-2020 1278.82 -3.47 1126.80 -2.29 1202.81 -2.92 4.51
21-08-2020 1259.08 -4.96 1109.88 -3.75 1184.48 -4.40 3.97
tatil
tatil
24-08-2020 1257.82 -5.06 1108.44 -3.88 1183.13 -4.51 3.49
25-08-2020 1236.29 -6.68 1092.16 -5.29 1164.23 -6.03 3.89
26-08-2020 1246.03 -5.95 1099.02 -4.69 1172.53 -5.36 4.07
27-08-2020 1255.08 -5.26 1108.93 -3.83 1182.01 -4.60 4.79
28-08-2020 1241.56 -6.28 1100.55 -4.56 1171.06 -5.48 5.03
tatil
tatil
31-08-2020 1211.50 -8.55 1078.61 -6.46 1145.06 -7.58 5.21
01-09-2020 1222.19 -7.75 1085.19 -5.89 1153.69 -6.88 5.35
02-09-2020 1220.77 -7.85 1083.91 -6.00 1152.34 -6.99 4.48
03-09-2020 1212.70 -8.46 1076.34 -6.66 1144.52 -7.62 5.78
04-09-2020 1223.53 -7.64 1086.32 -5.80 1154.93 -6.78 5.21
tatil
tatil
07-09-2020 1231.87 -7.02 1096.81 -4.89 1164.34 -6.02 4.93