10-08-2020 1207.17 0.00 1075.52 0.00 1141.35 0.00 0.00
11-08-2020 1248.68 3.44 1110.05 3.21 1179.37 3.33 1.88
12-08-2020 1255.05 3.97 1114.18 3.59 1184.62 3.79 1.28
13-08-2020 1239.73 2.70 1100.26 2.30 1170 2.51 2.79
14-08-2020 1220.17 1.08 1083.83 0.77 1152 0.93 1.93
tatil
tatil
17-08-2020 1228.75 1.79 1086.20 0.99 1157.48 1.41 3.03
18-08-2020 1236.62 2.44 1092.46 1.58 1164.54 2.03 1.67
19-08-2020 1278.80 5.93 1124.71 4.57 1201.76 5.29 2.35
20-08-2020 1278.82 5.94 1126.80 4.77 1202.81 5.38 2.01
21-08-2020 1259.08 4.30 1109.88 3.19 1184.48 3.78 2.97
tatil
tatil
24-08-2020 1257.82 4.20 1108.44 3.06 1183.13 3.66 2.49
25-08-2020 1236.29 2.41 1092.16 1.55 1164.23 2.00 2.89
26-08-2020 1246.03 3.22 1099.02 2.18 1172.53 2.73 3.07
27-08-2020 1255.08 3.97 1108.93 3.11 1182.01 3.56 3.59
28-08-2020 1241.56 2.85 1100.55 2.33 1171.06 2.60 4.03
tatil
tatil
31-08-2020 1211.50 0.36 1078.61 0.29 1145.06 0.33 4.21
01-09-2020 1222.19 1.24 1085.19 0.90 1153.69 1.08 4.35
02-09-2020 1220.77 1.13 1083.91 0.78 1152.34 0.96 3.18
03-09-2020 1212.70 0.46 1076.34 0.08 1144.52 0.28 3.88
04-09-2020 1223.53 1.36 1086.32 1.00 1154.93 1.19 4.11
tatil
tatil
07-09-2020 1231.87 2.05 1096.81 1.98 1164.34 2.01 3.83